1 300 0.00 80.00 20.00 20.00
3 900 20.00 80.00 80.00 20.00
4 1200 0.00 0.00 20.00 80.00
7 2100 27.62 32.43 0.00 0.00
9 2700 27.63 32.48 0.00 0.01
11 3300 47.50 22.39 0.30 0.90
12 3600 27.82 32.56 0.00 0.00
13 3900 27.62 32.43 0.00 0.00
14 4200 27.82 32.56 0.00 0.00
16 4800 27.63 32.43 0.00 0.00
17 5100 27.62 32.43 0.00 0.00
18 5400 27.63 32.43 0.00 0.00
20 6000 27.82 32.56 0.00 0.00
21 6300 27.63 32.43 0.00 0.00
22 6600 64.08 48.70 1.49 1.19
23 6900 27.63 32.43 0.00 0.00
24 7200 27.63 32.43 0.00 0.00
25 7500 27.62 32.43 0.00 0.00
26 7800 27.81 32.56 0.00 0.00
27 8100 27.63 32.43 0.00 0.00
28 8400 40.98 55.96 1.12 1.03
29 8700 27.63 32.43 0.00 0.00
31 9300 27.62 32.43 0.00 0.00
33 9900 27.62 32.42 0.00 0.00
35 10500 27.82 32.56 0.00 0.00
36 10800 27.62 32.43 0.00 0.00
37 11100 27.80 32.54 0.00 0.00
40 12000 27.63 32.43 0.00 0.00
41 12300 27.63 32.43 0.00 0.00
42 12600 27.62 32.43 0.00 0.00
43 12900 27.63 32.43 0.00 0.00
44 13200 27.62 32.43 0.00 0.00
45 13500 27.63 32.43 0.00 0.00
46 13800 27.63 32.43 0.00 0.00
48 14400 27.62 32.43 0.00 0.00
49 14700 27.63 32.43 0.00 0.00
50 15000 27.63 32.43 0.00 0.00
53 15900 27.63 32.43 0.00 0.00
54 16200 27.63 32.43 0.00 0.00
55 16500 27.63 32.43 0.00 0.00
57 17100 27.63 32.43 0.00 0.00
59 17700 27.62 32.43 0.00 0.00
61 18300 27.63 32.43 0.00 0.00
63 18900 27.62 32.43 0.00 0.00
65 19500 32.39 76.03 0.78 0.99
66 19800 27.62 32.43 0.00 0.00
68 20400 27.63 32.43 0.00 0.00
69 20700 90.55 14.82 1.17 0.41
70 21000 27.63 32.43 0.00 0.00
71 21300 27.63 32.43 0.00 0.00
72 21600 27.63 32.43 0.00 0.00
74 22200 27.63 32.43 0.00 0.00
78 23400 27.63 32.43 0.00 0.00
81 24300 27.63 32.43 0.00 0.00
83 24900 27.63 32.43 0.00 0.00
84 25200 27.63 32.43 0.00 0.00
85 25500 27.63 32.43 0.00 0.00
86 25800 27.62 32.43 0.00 0.00
87 26100 27.63 32.43 0.00 0.00
88 26400 27.63 32.43 0.00 0.00
89 26700 27.63 32.43 0.00 0.00
90 27000 87.54 10.72 0.54 0.17
91 27300 27.63 32.43 0.00 0.00
93 27900 27.63 32.43 0.00 0.00
94 28200 27.63 32.43 0.00 0.00
95 28500 27.62 32.43 0.00 0.00
96 28800 27.63 32.43 0.00 0.00
98 29400 27.63 32.43 0.00 0.00
99 29700 27.63 32.43 0.00 0.00
100 30000 27.63 32.43 0.00 0.00
102 30600 27.62 32.43 0.00 0.00
104 31200 27.63 32.43 0.00 0.00
105 31500 27.63 32.43 0.00 0.00
107 32100 27.63 32.43 0.00 0.00
108 32400 27.63 32.43 0.00 0.00
110 33000 27.63 32.43 0.00 0.00
111 33300 27.62 32.43 0.00 0.00
112 33600 27.63 32.43 0.00 0.00
116 34800 27.63 32.43 0.00 0.00
117 35100 27.62 32.43 0.00 0.00
118 35400 27.63 32.43 0.00 0.00
119 35700 27.63 32.43 0.00 0.00
123 36900 27.62 32.43 0.00 0.00
125 37500 27.63 32.43 0.00 0.00
128 38400 27.62 32.43 0.00 0.00
129 38700 27.63 32.43 0.00 0.00
130 39000 27.62 32.43 0.00 0.00
131 39300 27.63 32.43 0.00 0.00
132 39600 27.63 32.43 0.00 0.00
134 40200 27.63 32.43 0.00 0.00
135 40500 27.63 32.43 0.00 0.00
137 41100 27.63 32.43 0.00 0.00
138 41400 27.63 32.43 0.00 0.00
139 41700 54.01 51.18 0.93 0.06
140 42000 27.79 32.58 0.01 0.00
142 42600 27.63 32.43 0.00 0.00
143 42900 27.62 32.43 0.00 0.00
145 43500 27.62 32.43 0.00 0.00
148 44400 27.63 32.43 0.00 0.00
149 44700 27.63 32.43 0.00 0.00
150 45000 27.63 32.43 0.00 0.00
151 45300 27.63 32.43 0.00 0.00
152 45600 27.62 32.43 0.00 0.00
153 45900 27.62 32.43 0.00 0.00
154 46200 27.62 32.43 0.00 0.00
157 47100 27.63 32.43 0.00 0.00
158 47400 27.62 32.43 0.00 0.00
160 48000 27.63 32.43 0.00 0.00
161 48300 27.63 32.43 0.00 0.00
163 48900 27.63 32.43 0.00 0.00
164 49200 82.20 45.61 1.05 1.53
166 49800 27.62 32.43 0.00 0.00
167 50100 27.62 32.43 0.00 0.00
168 50400 27.82 32.56 0.00 0.00
169 50700 27.62 32.43 0.00 0.00
170 51000 27.82 32.57 0.00 0.00
171 51300 27.63 32.43 0.00 0.00
174 52200 27.81 32.56 0.00 0.00
175 52500 27.63 32.43 0.00 0.00
176 52800 27.63 32.43 0.00 0.00
177 53100 27.63 32.43 0.00 0.00
179 53700 27.63 32.43 0.00 0.00
180 54000 27.63 32.43 0.00 0.00
181 54300 27.63 32.43 0.00 0.00
182 54600 27.63 32.43 0.00 0.00
183 54900 27.62 32.43 0.00 0.00
185 55500 27.63 32.43 0.00 0.00
186 55800 27.81 32.56 0.00 0.00
190 57000 27.63 32.43 0.00 0.00
191 57300 27.62 32.43 0.00 0.00
196 58800 27.62 32.43 0.00 0.00
198 59400 27.63 32.43 0.00 0.00
199 59700 27.63 32.43 0.00 0.00
