1 300 0.00 0.00 20.00 80.00
3 900 20.00 0.00 80.00 80.00
4 1200 20.00 80.00 80.00 20.00
5 1500 0.00 86.35 2.04 1.84
6 1800 0.00 92.05 2.04 0.29
8 2400 5.65 92.56 0.09 0.03
11 3300 12.23 92.69 0.24 0.02
13 3900 4.48 92.41 0.00 0.00
16 4800 4.49 92.39 0.00 0.00
18 5400 4.49 92.38 0.00 0.00
19 5700 14.51 88.20 1.44 2.19
20 6000 4.49 92.39 0.00 0.00
21 6300 4.48 92.40 0.00 0.00
23 6900 19.20 86.35 0.80 1.84
24 7200 4.48 92.41 0.00 0.00
25 7500 4.49 92.39 0.00 0.00
26 7800 4.48 92.39 0.00 0.00
27 8100 4.48 92.41 0.00 0.00
28 8400 12.28 92.68 0.02 0.00
29 8700 15.95 97.57 3.25 0.96
30 9000 14.51 92.05 1.44 0.29
31 9300 4.48 92.39 0.00 0.00
32 9600 4.48 92.41 0.00 0.00
33 9900 4.48 92.41 0.00 0.00
34 10200 4.49 92.38 0.00 0.00
38 11400 4.49 92.39 0.00 0.00
39 11700 4.49 92.39 0.00 0.00
40 12000 4.47 92.42 0.00 0.00
41 12300 13.04 92.40 0.00 0.00
43 12900 4.49 92.39 0.00 0.00
45 13500 12.94 92.40 0.01 0.00
46 13800 4.49 92.39 0.00 0.00
49 14700 4.49 92.39 0.00 0.00
51 15300 4.47 92.40 0.00 0.00
53 15900 18.73 90.27 0.00 0.00
54 16200 12.32 92.68 0.00 0.00
57 17100 4.48 92.41 0.00 0.00
60 18000 4.49 92.39 0.00 0.00
62 18600 4.49 92.39 0.00 0.00
63 18900 4.48 92.40 0.00 0.00
64 19200 5.74 93.00 4.07 0.97
65 19500 4.49 92.39 0.00 0.00
66 19800 4.49 92.39 0.00 0.00
68 20400 5.74 94.10 4.07 1.73
69 20700 4.49 92.39 0.00 0.00
71 21300 18.75 90.25 0.00 0.00
73 21900 4.49 92.39 0.00 0.00
74 22200 4.47 92.40 0.00 0.00
75 22500 4.49 92.39 0.00 0.00
76 22800 4.49 92.42 0.00 0.00
77 23100 18.79 90.26 0.01 0.00
78 23400 4.49 92.39 0.00 0.00
80 24000 4.49 92.39 0.00 0.00
83 24900 13.33 92.38 0.00 0.00
84 25200 2.04 97.57 3.70 0.96
87 26100 16.22 88.97 0.01 0.07
90 27000 4.49 92.39 0.00 0.00
91 27300 18.82 88.76 0.01 0.21
92 27600 12.45 92.68 0.01 0.00
93 27900 18.75 90.25 0.00 0.00
94 28200 4.49 92.39 0.00 0.00
95 28500 13.34 92.38 0.00 0.00
96 28800 13.42 92.98 0.40 0.00
97 29100 4.49 92.39 0.00 0.00
98 29400 4.49 92.39 0.00 0.00
99 29700 18.55 90.30 0.00 0.00
100 30000 13.33 92.38 0.00 0.00
101 30300 19.09 88.76 0.11 0.21
104 31200 13.33 92.38 0.00 0.00
105 31500 4.48 92.41 0.00 0.00
107 32100 4.49 92.39 0.00 0.00
109 32700 12.26 92.68 0.00 0.00
111 33300 4.48 92.41 0.00 0.00
112 33600 4.48 92.39 0.00 0.00
113 33900 18.55 90.30 0.00 0.00
114 34200 12.32 92.68 0.00 0.00
115 34500 4.49 92.39 0.00 0.00
116 34800 18.74 90.25 0.00 0.00
118 35400 4.49 92.39 0.00 0.00
120 36000 9.81 92.93 0.55 0.02
121 36300 18.77 90.21 0.01 0.00
122 36600 4.49 92.40 0.00 0.00
123 36900 4.49 92.39 0.00 0.00
124 37200 13.34 92.38 0.00 0.00
125 37500 13.33 92.38 0.00 0.00
127 38100 18.54 90.33 0.00 0.00
128 38400 4.48 92.41 0.00 0.00
129 38700 18.75 90.25 0.00 0.00
130 39000 4.47 92.40 0.00 0.00
132 39600 4.47 92.40 0.00 0.00
134 40200 18.75 90.25 0.00 0.00
135 40500 4.49 92.39 0.00 0.00
136 40800 13.20 92.39 0.00 0.00
137 41100 4.49 92.39 0.00 0.00
138 41400 4.49 92.39 0.00 0.00
139 41700 18.75 90.25 0.00 0.00
140 42000 12.99 92.39 0.00 0.00
141 42300 4.48 92.41 0.00 0.00
142 42600 4.48 92.41 0.00 0.00
143 42900 4.48 92.41 0.00 0.00
145 43500 18.75 90.25 0.00 0.00
146 43800 16.73 89.97 0.04 0.06
147 44100 12.88 92.39 0.01 0.00
148 44400 18.75 90.25 0.00 0.00
149 44700 12.32 92.68 0.00 0.00
150 45000 4.49 92.39 0.00 0.00
151 45300 4.49 92.39 0.00 0.00
152 45600 12.32 92.68 0.00 0.00
153 45900 18.75 90.25 0.00 0.00
154 46200 4.49 92.40 0.00 0.00
156 46800 4.49 92.39 0.00 0.00
157 47100 4.49 92.40 0.00 0.00
158 47400 4.49 92.39 0.00 0.00
159 47700 4.48 92.41 0.00 0.00
162 48600 18.75 90.25 0.00 0.00
163 48900 18.71 90.25 0.00 0.00
164 49200 18.81 90.27 0.01 0.00
165 49500 18.75 90.25 0.00 0.00
166 49800 4.48 92.41 0.00 0.00
167 50100 4.49 92.39 0.00 0.00
168 50400 18.75 90.25 0.00 0.00
170 51000 12.47 92.69 0.00 0.00
172 51600 18.75 90.25 0.00 0.00
174 52200 4.49 92.39 0.00 0.00
175 52500 12.95 92.40 0.01 0.00
177 53100 13.34 92.38 0.00 0.00
178 53400 18.55 90.29 0.00 0.00
179 53700 18.71 90.25 0.00 0.00
181 54300 4.49 92.39 0.00 0.00
182 54600 13.33 92.38 0.00 0.00
183 54900 18.55 90.32 0.00 0.00
184 55200 18.55 90.30 0.00 0.00
185 55500 18.55 90.30 0.00 0.00
186 55800 18.75 90.25 0.00 0.00
187 56100 4.49 92.39 0.00 0.00
188 56400 18.75 90.25 0.00 0.00
191 57300 4.49 92.40 0.00 0.00
194 58200 13.36 92.40 0.02 0.00
195 58500 18.84 88.35 0.07 0.18
