2 600 9.07 65.86 0.41 0.20
5 1500 14.29 32.17 0.00 0.06
6 1800 14.29 31.37 0.00 0.00
8 2400 15.36 57.83 0.21 2.47
9 2700 14.30 31.48 0.00 0.08
10 3000 14.29 31.35 0.00 0.00
12 3600 14.29 31.36 0.00 0.00
13 3900 14.29 31.35 0.00 0.00
15 4500 14.30 32.11 0.00 0.06
17 5100 2.37 60.30 0.47 2.05
18 5400 14.29 31.35 0.00 0.00
25 7500 36.85 95.88 2.07 1.63
26 7800 14.29 31.35 0.00 0.00
27 8100 35.23 81.70 0.37 0.05
28 8400 34.86 82.17 0.28 0.01
33 9900 43.97 93.97 2.36 1.43
34 10200 14.29 31.35 0.00 0.00
35 10500 14.29 31.36 0.00 0.00
36 10800 14.29 31.35 0.00 0.00
37 11100 14.30 32.27 0.00 0.00
38 11400 14.30 32.30 0.00 0.03
39 11700 35.63 82.33 0.01 0.00
40 12000 14.29 31.35 0.00 0.00
41 12300 35.82 82.32 0.00 0.00
42 12600 35.81 82.32 0.00 0.00
44 13200 35.86 81.70 0.02 0.05
45 13500 14.29 32.42 0.00 0.00
46 13800 14.29 32.42 0.00 0.00
48 14400 14.29 32.42 0.00 0.00
49 14700 79.92 81.49 1.51 0.86
51 15300 35.73 81.58 0.01 0.00
52 15600 91.07 93.97 2.10 1.43
53 15900 35.81 82.32 0.00 0.00
54 16200 35.82 82.32 0.00 0.00
55 16500 14.29 32.42 0.00 0.00
56 16800 36.50 82.07 0.00 0.01
57 17100 14.29 32.43 0.00 0.02
60 18000 14.30 31.38 0.00 0.03
61 18300 35.64 82.30 0.01 0.00
62 18600 14.29 31.36 0.00 0.00
63 18900 9.92 48.96 0.02 1.73
65 19500 14.29 31.36 0.00 0.00
66 19800 14.29 32.41 0.00 0.00
67 20100 35.81 82.32 0.00 0.00
68 20400 14.29 31.35 0.00 0.00
69 20700 3.21 31.07 0.50 1.38
70 21000 35.85 81.57 0.00 0.00
72 21600 14.29 32.41 0.00 0.00
73 21900 36.07 81.49 0.29 0.03
74 22200 14.29 31.35 0.00 0.00
75 22500 36.38 82.10 0.00 0.00
76 22800 35.82 82.32 0.00 0.00
77 23100 14.29 31.35 0.00 0.00
79 23700 76.76 96.64 0.01 0.20
80 24000 14.29 31.35 0.00 0.00
81 24300 14.29 31.35 0.00 0.00
82 24600 14.29 31.35 0.00 0.00
83 24900 14.29 31.36 0.00 0.00
84 25200 36.40 82.11 0.00 0.00
85 25500 14.29 31.35 0.00 0.00
87 26100 14.29 31.35 0.00 0.00
88 26400 7.38 63.18 0.18 0.40
89 26700 35.85 81.57 0.00 0.00
91 27300 5.56 0.00 0.06 2.26
94 28200 14.29 31.35 0.00 0.00
95 28500 35.82 82.32 0.00 0.00
96 28800 59.81 90.70 1.16 1.82
97 29100 35.73 81.60 0.00 0.00
98 29400 14.29 31.35 0.00 0.00
99 29700 19.94 18.03 0.00 0.05
103 30900 14.29 31.35 0.00 0.00
104 31200 36.40 82.11 0.00 0.00
105 31500 14.29 32.42 0.00 0.00
106 31800 35.65 82.34 0.00 0.00
107 32100 14.29 31.35 0.00 0.00
108 32400 35.73 82.34 0.01 0.00
110 33000 14.29 31.35 0.00 0.00
111 33300 14.29 31.36 0.00 0.00
113 33900 14.29 31.35 0.00 0.00
114 34200 14.29 32.42 0.00 0.00
115 34500 14.29 31.35 0.00 0.00
117 35100 14.29 31.82 0.00 0.06
119 35700 14.29 31.35 0.00 0.00
121 36300 14.29 32.42 0.00 0.00
122 36600 35.65 82.34 0.00 0.00
124 37200 35.82 82.32 0.00 0.00
126 37800 14.29 31.35 0.00 0.00
127 38100 14.29 32.42 0.00 0.00
128 38400 19.81 17.10 0.01 0.04
130 39000 17.00 71.55 0.01 0.04
131 39300 36.40 82.11 0.00 0.00
132 39600 14.29 32.41 0.00 0.00
133 39900 14.29 32.38 0.00 0.03
134 40200 19.65 17.20 0.00 0.00
135 40500 19.65 17.18 0.00 0.00
136 40800 16.91 71.23 0.01 0.03
138 41400 75.93 96.94 0.01 0.20
139 41700 14.29 31.35 0.00 0.00
141 42300 14.30 32.22 0.00 0.01
142 42600 14.29 31.35 0.00 0.00
144 43200 19.65 17.20 0.00 0.00
146 43800 85.85 89.36 1.11 1.34
147 44100 36.40 82.08 0.00 0.00
148 44400 36.36 82.10 0.00 0.00
149 44700 14.29 31.35 0.00 0.00
150 45000 19.65 17.19 0.00 0.00
151 45300 35.66 81.58 0.00 0.00
152 45600 14.29 31.35 0.00 0.00
154 46200 14.30 32.27 0.00 0.00
155 46500 14.29 31.35 0.00 0.00
156 46800 14.30 32.27 0.00 0.00
157 47100 19.97 17.60 0.00 0.07
158 47400 14.30 32.27 0.00 0.00
159 47700 14.29 31.35 0.00 0.00
160 48000 19.57 17.59 0.01 0.01
161 48300 35.81 82.32 0.00 0.00
162 48600 75.97 96.52 0.03 0.09
164 49200 14.29 31.36 0.00 0.00
167 50100 35.82 82.32 0.00 0.00
168 50400 35.66 82.34 0.00 0.00
169 50700 35.65 82.34 0.00 0.00
170 51000 35.66 81.61 0.00 0.00
171 51300 14.29 31.36 0.00 0.00
172 51600 35.74 82.30 0.00 0.00
173 51900 14.29 31.35 0.00 0.00
175 52500 14.29 31.35 0.00 0.00
176 52800 75.90 96.96 0.00 0.01
178 53400 14.29 31.36 0.00 0.00
179 53700 14.29 31.36 0.00 0.00
180 54000 35.85 81.58 0.00 0.00
181 54300 17.22 72.01 0.00 0.00
182 54600 14.29 31.35 0.00 0.00
183 54900 17.05 72.17 0.00 0.00
184 55200 14.29 31.36 0.00 0.00
185 55500 14.29 31.35 0.00 0.00
186 55800 19.66 17.53 0.00 0.00
188 56400 14.29 31.56 0.00 0.01
189 56700 17.22 72.02 0.00 0.00
190 57000 8.21 18.24 0.00 0.01
191 57300 39.09 67.58 0.42 1.02
192 57600 75.89 96.97 0.00 0.01
193 57900 76.70 96.01 0.02 0.00
194 58200 75.90 97.14 0.00 0.00
197 59100 14.29 75.43 0.02 2.02
198 59400 35.66 81.61 0.00 0.00
